##TITLE= Parameter file, TopSpin 4.4.1
##JCAMPDX= 5.0
##DATATYPE= Parameter Values
##NPOINTS= 1	$$ modification sequence number
##ORIGIN= Bruker BioSpin GmbH & Co. KG
##OWNER= nmr
$$ 2026-04-03 11:29:22.911 -0700  nmr@CZC84177NN
$$ C:\Spintropy\Data\1775240962.85/D2O_Diff_50ms_2ms/25/pdata/1/clevels
$$ process C:\Bruker\TopSpin4.4.1\prog\mod\dirdata.exe
##$LEVELS= (0..255)
-34215424018.9268 -19008568899.4038 -10560316055.2243 -5866842252.9024
-3259356807.168 -1810753781.76 -1005974323.2 -558874624 558874624 1005974323.2
1810753781.76 3259356807.168 5866842252.9024 10560316055.2243 19008568899.4038
34215424018.9268 0 0 0 0 0 0 0 0 0 0 0 0 0 0 0 0 0 0 0 0 0 0 0 0 0 0 0
0 0 0 0 0 0 0 0 0 0 0 0 0 0 0 0 0 0 0 0 0 0 0 0 0 0 0 0 0 0 0 0 0 0 0 0
0 0 0 0 0 0 0 0 0 0 0 0 0 0 0 0 0 0 0 0 0 0 0 0 0 0 0 0 0 0 0 0 0 0 0 0
0 0 0 0 0 0 0 0 0 0 0 0 0 0 0 0 0 0 0 0 0 0 0 0 0 0 0 0 0 0 0 0 0 0 0 0
0 0 0 0 0 0 0 0 0 0 0 0 0 0 0 0 0 0 0 0 0 0 0 0 0 0 0 0 0 0 0 0 0 0 0 0
0 0 0 0 0 0 0 0 0 0 0 0 0 0 0 0 0 0 0 0 0 0 0 0 0 0 0 0 0 0 0 0 0 0 0 0
0 0 0 0 0 0 0 0 0 0 0 0 0 0 0 0 0 0 0 0 0 0 0 0 0 0 0 0 0 0 0 0 0
##$LEVSIGN= 3
##$MAXLEV= 8
##$METHOD= 0
##$NEGBASE= -558874624
##$NEGINCR= 1.8
##$POSBASE= 558874624
##$POSINCR= 1.8
##END=
